"predict"
151907.07865171874
139739.8610555034
133187.18586405797
135374.1202594851
147938.52622923214
167788.931110751
179911.19865215974
189242.62563442884
204495.71538830435
218053.4088904959
233950.25598437682
238240.9902705852
247526.2192766326
241256.87472531004
247936.84949232225
245092.8240664784
253265.8727573278
274249.5572545104
265356.80708177714
254966.7693320291
247170.67891703738
217543.46027248842
183782.6598590752
157322.88001816042
141688.38952251416
132833.45176770663
127447.32103042226
131328.05801791616
145369.23614025576
164357.6083687353
174382.96341979294
183107.61739669784
203886.6445020796
224156.32490688429
242236.51087004974
258474.3329115407
271627.0872796227
277593.7871576192
273797.10362343636
296564.88464883936
313255.22268563235
326282.0729649322
312564.9120177531
297631.6480983547
273251.4690171906
239217.1976243447
200336.83595471247
171276.36835866657
149601.62191465337
137694.39266470124
132512.5028306728
134491.05900604773
146997.35359106614
164085.36282464207
174704.6618456189
187980.10043763602
209464.32400111543
231552.46904831997
257880.8891103947
285608.91919644125
308919.42680312874
313762.4072906968
310440.3902459468
330422.8808181396
345237.2834943703
355113.62872890645
341599.07807850826
316263.45354000817
302033.2249441845
259349.19897063277
224244.3966784597
192291.72452671497
170682.93193541694
156092.04029227496
148251.25846227084
145579.99887601155
147836.20040710553
156029.94563685995
176472.75220957998
200502.08718382873
227725.58535961437
251103.26571731918
279238.46262604324
306954.2410936705
322644.2617828119
324573.46273031476
335199.0560083928
319865.2437840278
304476.71545545233
293792.74809718464
257906.63007608821
241131.4661005258
231041.71126809533
203435.29869385005
183321.09010230843
167962.8728084602
153240.85844329424
142167.75985524
137130.94367747937
135054.26879327645
138255.12948053156
145299.55373872013
164474.33908360268
185515.1888212783
204964.39330031615
223128.06876231727
237572.37839893336
254837.07844881734
265449.3932013968
277663.3707471527
292849.5958082041
297158.95794359443
304457.06863317295
303303.0238841731
283996.3848729657
272906.2927954896
263006.95267815015
231697.2653158627
201758.8981684534
178947.6791129833
162284.0249496427
150049.05334833052
146305.90779497876
142690.64070637332
143141.92788259807
150937.57137675336
166564.0790073717
193248.93987401016
217190.71633525286
231889.49477129563
238812.29205840046
250098.5373524786
256686.74365649492
266254.7582204376
278015.91780462954
287789.4308435181
293048.56677892595
292187.03454411885
274626.26620126556
267971.5011382531
262446.9520852807
232846.45176041755
197925.36337307555
173174.13915705233
157303.69162979294
146042.62402485186
141342.90976302285
144568.7572102016
157311.15497046147
177935.26185541294
194215.2638861208
204400.35728260537
219274.89025503446
233099.88256110926
247122.73468540495
256728.15529461612
268943.2043310747
277012.702144119
269741.9890358018
296344.90602615953
312400.42284233717
316794.75647239055
311506.46599599835
299433.25323743926
277636.02135327994
242082.60684379184
204854.38065626335
